vec<-1:20

"df"<-
structure(.Data = list(VER = c(565, 401, 417, 449, 816, 301, 571, 566, 428, 421,
	418, 226, 235, 480, 386, 202, 181, 104, 100, 125, 161, 146, 7276, 6426, 
	7402, 3924, 8402, 7610, 4114, 5311, 6794, 5530, 8349, 3060, 584, 598, 
	371, 540, 866, 567, 663, 617, 510, 390, 471, 304, 496, 595, 378, 415, 
	398, 519, 427, 1295, 359, 544, 762, 946, 1322, 475, 1179, 1035, 994, 
	598, 713, 947, 578, 246, 283, 369, 614, 279, 125, 332, 425, 304, 722, 
	85, 601, 470, 403, 508, 927, 764), JA1 = c(4, 6, 7, 3, 8, 7, 6, 6, 4, 9,
	7, 6, 2, 0, 2, 1, 2, 1, 0, 0, 0, 1, 48, 93, 53, 39, 76, 63, 11, 17, 30, 
	20, 64, 7, 0, 7, 8, 3, 5, 10, 14, 9, 4, 3, 4, 0, 6, 7, 2, 0, 5, 4, 6, 
	22, 2, 6, 6, 7, 8, 3, 14, 8, 9, 3, 1, 4, 3, 0, 3, 0, 1, 0, 1, 1, 5, 2, 
	4, 0, 1, 3, 0, 1, 4, 5), JA2 = c(13, 2, 20, 9, 14, 7, 9, 14, 6, 10, 13, 
	6, 5, 8, 3, 1, 1, 3, 1, 1, 3, 7, 100, 204, 123, 71, 133, 134, 13, 55, 
	85, 67, 112, 7, 14, 4, 16, 10, 16, 20, 18, 16, 9, 8, 12, 8, 15, 8, 5, 7,
	21, 7, 8, 31, 5, 7, 10, 11, 24, 9, 34, 19, 21, 11, 7, 9, 10, 0, 6, 3, 4,
	2, 1, 2, 1, 2, 7, 0, 3, 2, 5, 9, 8, 1), JA3 = c(8, 2, 21, 7, 26, 12, 12,
	19, 9, 10, 16, 7, 2, 4, 9, 4, 1, 0, 1, 2, 4, 4, 83, 204, 107, 89, 139, 
	116, 45, 33, 71, 61, 101, 27, 7, 4, 17, 12, 18, 24, 21, 16, 10, 6, 14, 
	8, 10, 10, 4, 4, 17, 7, 6, 31, 4, 9, 1, 14, 14, 5, 22, 11, 16, 3, 6, 17,
	6, 2, 1, 2, 4, 5, 3, 0, 2, 3, 2, 2, 2, 3, 3, 3, 8, 3), RO1 = c(7, 1, 19,
	6, 15, 12, 9, 12, 3, 3, 7, 6, 12, 10, 7, 0, 3, 2, 3, 2, 1, 2, 65, 202, 
	111, 68, 103, 108, 46, 45, 66, 41, 87, 34, 13, 1, 19, 8, 12, 24, 19, 10,
	5, 8, 10, 1, 14, 8, 2, 6, 9, 2, 5, 15, 3, 8, 3, 13, 16, 13, 19, 14, 13, 
	2, 5, 13, 9, 0, 1, 0, 7, 0, 1, 3, 5, 6, 3, 0, 1, 4, 3, 2, 13, 4), RO2
	 = c(4, 0, 8, 2, 8, 10, 8, 8, 2, 2, 8, 3, 3, 6, 1, 1, 1, 0, 0, 1, 2, 3, 
	61, 120, 55, 49, 55, 54, 27, 24, 53, 29, 57, 27, 5, 1, 13, 7, 4, 14, 5, 
	4, 4, 3, 4, 1, 3, 7, 5, 3, 7, 2, 1, 15, 5, 2, 0, 9, 7, 8, 11, 4, 14, 3, 
	5, 7, 6, 2, 0, 1, 0, 4, 1, 3, 3, 5, 4, 3, 1, 2, 2, 5, 7, 4), RO3 = c(2, 
	0, 3, 0, 8, 1, 3, 3, 1, 1, 2, 0, 1, 3, 3, 1, 0, 0, 0, 0, 0, 0, 30, 61, 
	27, 31, 22, 37, 17, 15, 19, 10, 17, 8, 0, 0, 5, 3, 2, 6, 3, 0, 2, 1, 0, 
	0, 1, 4, 0, 1, 2, 2, 1, 5, 0, 1, 0, 1, 3, 4, 3, 3, 6, 0, 2, 1, 2, 1, 0, 
	2, 2, 2, 1, 1, 0, 3, 4, 0, 2, 1, 2, 1, 2, 0), RO4 = c(1, 0, 2, 2, 3, 0, 
	1, 0, 0, 1, 1, 1, 2, 1, 0, 0, 0, 0, 0, 0, 0, 2, 6, 27, 9, 9, 10, 21, 0, 
	5, 8, 6, 11, 6, 1, 0, 2, 0, 0, 5, 0, 1, 2, 0, 0, 1, 1, 2, 0, 0, 2, 0, 0,
	0, 0, 1, 0, 4, 1, 0, 2, 3, 2, 0, 0, 1, 0, 0, 0, 0, 0, 1, 1, 1, 0, 0, 2, 
	1, 1, 0, 0, 0, 1, 2), RO5 = c(0, 0, 1, 0, 3, 0, 0, 0, 0, 0, 1, 0, 0, 1, 
	0, 0, 0, 0, 0, 0, 0, 0, 3, 13, 8, 4, 5, 3, 0, 3, 3, 3, 1, 2, 0, 0, 0, 0,
	1, 1, 0, 0, 1, 0, 5, 0, 0, 3, 0, 0, 0, 0, 0, 0, 0, 0, 0, 0, 1, 1, 1, 0, 
	0, 0, 0, 0, 0, 0, 0, 2, 0, 0, 0, 0, 0, 2, 0, 1, 0, 0, 1, 1, 0, 1), RO6
	 = c(0, 0, 0, 0, 0, 0, 0, 0, 2, 0, 0, 1, 0, 0, 0, 0, 0, 0, 0, 0, 1, 1, 
	3, 6, 5, 5, 5, 4, 0, 1, 3, 2, 3, 2, 0, 0, 0, 0, 0, 0, 0, 1, 0, 0, 2, 0, 
	1, 0, 0, 0, 0, 0, 0, 0, 0, 0, 0, 1, 0, 0, 0, 0, 0, 1, 0, 0, 0, 1, 0, 0, 
	0, 0, 0, 1, 0, 0, 1, 0, 0, 0, 0, 1, 0, 1), RO7 = c(1, 0, 1, 0, 0, 0, 2, 
	0, 2, 0, 0, 0, 0, 0, 0, 0, 0, 0, 0, 0, 1, 0, 2, 12, 2, 3, 6, 2, 1, 1, 3,
	4, 5, 0, 0, 0, 0, 0, 0, 0, 1, 0, 0, 0, 1, 0, 0, 0, 0, 0, 0, 1, 0, 0, 1, 
	0, 0, 0, 0, 0, 0, 0, 0, 0, 0, 0, 0, 0, 0, 2, 1, 0, 0, 0, 1, 1, 1, 1, 0, 
	0, 0, 0, 1, 2), TYJ = structure(.Data = c(1, 1, 1, 1, 1, 1, 1, 1, 1, 1, 
	1, 1, 1, 1, 1, 2, 2, 2, 2, 2, 2, 2, 1, 1, 1, 1, 1, 1, 1, 2, 2, 2, 2, 2, 
	1, 1, 1, 1, 1, 1, 1, 1, 1, 1, 1, 1, 1, 1, 1, 2, 2, 2, 2, 2, 2, 2, 1, 1, 
	1, 1, 1, 1, 1, 2, 2, 2, 2, 1, 1, 1, 1, 1, 1, 1, 1, 1, 1, 1, 2, 2, 2, 2, 
	2, 2), .Label = c("Sem", "WE"), class = "factor"), TrH = structure(
	.Data = c(1, 1, 1, 1, 1, 1, 1, 1, 1, 1, 1, 1, 1, 1, 1, 1, 1, 1, 1, 1, 1,
	1, 2, 2, 2, 2, 2, 2, 2, 2, 2, 2, 2, 2, 3, 3, 3, 3, 3, 3, 3, 3, 3, 3, 3, 
	3, 3, 3, 3, 3, 3, 3, 3, 3, 3, 3, 4, 4, 4, 4, 4, 4, 4, 4, 4, 4, 4, 5, 5, 
	5, 5, 5, 5, 5, 5, 5, 5, 5, 5, 5, 5, 5, 5, 5), .Label = c("7h30-8h30", 
	"0h-24h", "16h-18h", "12h-14h", "0h-6h"), class = "factor"), VIS = 
	structure(.Data = c(1, 1, 1, 1, 3, 1, 2, 1, 1, 2, 3, 1, 3, 1, 2, 1, 1, 
	3, 2, 1, 3, 1, 1, 1, 1, 1, 2, 3, 2, 1, 3, 2, 1, 2, 1, 1, 1, 1, 3, 1, 2, 
	1, 1, 2, 3, 1, 3, 1, 2, 1, 1, 3, 2, 1, 3, 1, 1, 1, 3, 1, 1, 1, 3, 1, 2, 
	1, 1, 1, 1, 1, 1, 3, 1, 2, 1, 1, 3, 2, 1, 1, 3, 2, 1, 1), .Label = c(
	"10-16", "19-24", "31-39"), class = "factor"), LOC = structure(.Data = 
	c(1, 2, 3, 4, 5, 6, 7, 8, 9, 10, 11, 12, 13, 14, 15, 1, 3, 5, 7, 8, 11, 
	12, 1, 3, 4, 6, 7, 13, 15, 1, 5, 7, 12, 15, 1, 2, 3, 4, 5, 6, 7, 8, 9, 
	10, 11, 12, 14, 14, 15, 1, 3, 5, 7, 8, 11, 12, 2, 4, 5, 6, 8, 12, 13, 3,
	7, 8, 12, 1, 2, 3, 4, 5, 6, 7, 8, 12, 13, 15, 1, 3, 5, 7, 8, 12), 
	.Label = c("L1", "L2", "L3", "L4", "L5", "L6", "L7", "L8", "L9", "L10", 
	"L11", "L12", "L13", "L14", "L15"), class = "factor"), ADA = structure(
	.Data = c(1, 1, 1, 1, 2, 2, 2, 1, 2, 2, 2, 1, 1, 1, 1, 1, 1, 2, 2, 1, 2,
	1, 1, 1, 1, 2, 2, 1, 1, 1, 2, 2, 1, 1, 1, 1, 1, 1, 2, 2, 2, 1, 2, 2, 2, 
	1, 1, 1, 1, 1, 1, 2, 2, 1, 2, 1, 1, 1, 2, 2, 1, 1, 1, 1, 2, 1, 1, 1, 1, 
	1, 1, 2, 2, 2, 1, 1, 1, 1, 1, 1, 2, 2, 1, 1), .Label = c("Oui", "Non"), 
	class = "factor"), IMP = structure(.Data = c(2, 1, 2, 1, 1, 3, 3, 1, 1, 
	2, 1, 1, 1, 1, 2, 2, 2, 1, 3, 1, 1, 1, 2, 2, 1, 2, 3, 1, 2, 2, 1, 3, 1, 
	2, 2, 1, 2, 1, 1, 2, 3, 1, 1, 2, 1, 1, 1, 1, 2, 2, 2, 1, 3, 1, 1, 1, 1, 
	1, 1, 2, 1, 1, 1, 2, 3, 4, 1, 2, 1, 2, 1, 1, 2, 3, 1, 1, 1, 2, 2, 2, 1, 
	3, 1, 1), .Label = c("majeure", "mineure", "egale", "incon"), class = 
	"factor"), DEB = structure(.Data = c(5, 4, 4, 4, 5, 4, 5, 5, 4, 4, 4, 2,
	2, 4, 4, 2, 2, 1, 1, 1, 2, 1, 3, 3, 3, 2, 3, 3, 2, 2, 2, 2, 3, 1, 3, 3, 
	2, 2, 4, 3, 3, 3, 2, 2, 2, 1, 2, 3, 2, 2, 2, 2, 2, 5, 2, 2, 3, 4, 5, 2, 
	5, 4, 4, 3, 3, 4, 4, 1, 1, 1, 1, 1, 1, 1, 1, 1, 1, 1, 1, 1, 1, 1, 1, 1),
	.Label = c("16-106", "173-297", "307-391", "407-549", "605-901"), class
	 = "factor")), row.names = c("1", "2", "3", "4", "5", "6", "7", "8", 
	"9", "10", "11", "12", "13", "14", "15", "16", "17", "18", "19", "20", 
	"21", "22", "23", "24", "25", "26", "27", "28", "29", "30", "31", "32", 
	"33", "34", "35", "36", "37", "38", "39", "40", "41", "42", "43", "44", 
	"45", "46", "47", "48", "49", "50", "51", "52", "53", "54", "55", "56", 
	"57", "58", "59", "60", "61", "62", "63", "64", "65", "66", "67", "68", 
	"69", "70", "71", "72", "73", "74", "75", "76", "77", "78", "79", "80", 
	"81", "82", "83", "84"), class = "data.frame")